0
0
0
0
0
0
0
0
0
0
0
0
0
0
0
0
0
0
0
0
0
0
0
0
0
0
0
0
0
0
0
0
0
0
0
0
0
1
0
0
0
0
0
0
0
0
0
0
0
0
0
0
0
0
0
0
0
0
0
0
0
0
0
0
0
0
0
0
0
0
0
0
0
0
-1581
2870
6898
-434
-607
3485
4202
-4096
-1704
-2930
-1863
-3884
8128
-2581
8162
-6810
1141
3012
-2145
4005
3763
7953
-2894
6357
5713
3279
-4125
-2317
-6393
5579
-1925
-5217
-972
7082
-5863
537
1776
6689
-949
-3308
-1502
4484
5466
-3968
-5083
6203
-3471
4285
6978
767
2061
8174
2598
2020
6803
1929
-1198
-4400
2453
-144
3629
2565
-5826
6477
-6550
5095
-1769
-4558
5645
-5287
1075
1984
-949
-397
-612
2428
-4283
909
-851
-7102
5239
-5381
6098
-757
883
-2017
241
-5725
-4001
-4407
-2643
-1767
-6273
-1494
3659
-5325
6355
-6929
-1762
325
4784
-6547
-813
-2986
5129
-4328
-3283
6047
4841
-320
3625
